1750201255.705 44.444
1750201256.102 43.971
1750201256.479 44.480
1750201256.856 44.254
1750201257.236 43.963
1750201257.613 44.418
1750201258.008 43.936
1750201258.399 43.997
1750201258.776 44.608
1750201259.153 44.320
1750201259.534 44.210
1750201259.910 44.652
1750201260.303 43.901
1750201260.705 44.047
1750201261.103 44.670
1750201261.506 45.413
1750201261.907 44.940
1750201262.304 44.459
1750201262.704 44.517
1750201263.106 44.920
1750201263.511 43.905
1750201263.903 44.463
1750201264.305 44.780
1750201264.704 44.315
1750201265.102 43.999
1750201265.479 44.177
1750201265.857 44.559
1750201266.236 44.243
1750201266.613 44.539
1750201267.006 44.975
1750201267.397 44.442
1750201267.774 44.671
1750201268.154 44.593
1750201268.534 44.982
1750201268.910 44.513
1750201269.301 45.197
1750201269.679 45.085
1750201270.057 44.828
1750201270.436 45.298
1750201270.813 44.919
1750201271.200 45.166
1750201271.577 45.191
1750201271.953 45.044
1750201272.330 45.008
1750201272.709 44.623
1750201273.103 45.540
1750201273.506 44.926
1750201273.907 45.080
1750201274.304 45.208
1750201274.703 44.949
1750201275.105 45.362
1750201275.508 45.352
1750201275.908 45.033
1750201276.306 45.464
1750201276.702 44.974
1750201277.101 44.949
1750201277.478 45.133
1750201277.855 45.092
1750201278.239 45.249
1750201278.614 44.787
1750201279.008 44.709
1750201279.397 44.937
1750201279.775 45.606
1750201280.153 44.778
1750201280.533 45.136
1750201280.911 44.462
1750201281.300 45.705
1750201281.677 45.310
1750201282.054 45.150
1750201282.435 45.117
1750201282.812 45.354
1750201283.202 44.863
1750201283.579 44.980
1750201283.956 45.570
1750201284.334 45.062
1750201284.711 45.108
1750201285.103 45.231
1750201285.480 44.744
1750201285.857 45.364
1750201286.235 44.521
1750201286.611 45.252
1750201287.001 45.260
1750201287.378 44.878
1750201287.755 45.473
1750201288.137 44.744
1750201288.514 44.888
1750201288.906 45.009
1750201289.300 45.468
1750201289.677 45.665
1750201290.055 45.919
1750201290.435 44.889
1750201290.811 45.383
1750201291.197 45.167
1750201291.574 45.118
1750201291.952 45.512
1750201292.329 45.318
1750201292.707 44.665
1750201293.106 45.601
1750201293.511 45.411
1750201293.903 45.217
1750201303.819 43.844
1750201304.200 44.141
1750201304.577 44.080
1750201304.954 44.479
1750201305.333 44.127
1750201305.710 44.029
1750201306.102 44.285
1750201306.479 44.503
1750201306.856 44.444
1750201307.235 44.903
1750201307.612 45.010
1750201308.001 44.397
1750201308.378 44.329
1750201308.755 44.453
1750201309.137 44.419
1750201309.515 44.793
1750201309.908 44.721
1750201310.303 44.829
1750201310.679 44.070
1750201311.056 44.471
1750201311.434 44.499
1750201311.812 44.696
1750201312.198 43.837
1750201312.575 44.844
1750201312.953 44.670
1750201313.329 43.774
1750201313.705 44.397
1750201314.104 45.041
1750201314.509 44.498
1750201314.905 44.707
1750201315.303 44.630
1750201315.699 44.553
1750201316.076 44.231
1750201316.453 44.812
1750201316.834 44.606
1750201317.211 44.700
1750201317.597 43.855
1750201317.973 44.021
1750201318.351 44.249
1750201318.728 44.139
1750201319.106 44.529
1750201319.511 44.528
1750201319.908 44.559
1750201320.302 44.894
1750201320.679 44.438
1750201321.057 44.690
1750201321.438 44.414
1750201321.815 44.045
1750201322.202 44.025
1750201322.579 44.791
1750201322.955 43.828
1750201323.334 44.530
1750201323.710 44.546
1750201324.101 44.671
1750201324.478 43.980
1750201324.856 44.301
1750201325.235 43.922
1750201325.613 44.762
1750201326.002 44.058
1750201326.379 44.194
1750201326.756 44.054
1750201327.136 44.227
1750201327.513 44.082
1750201327.906 44.017
1750201328.302 44.242
1750201328.679 44.351
1750201329.056 44.987
1750201329.435 44.337
1750201329.812 44.340
1750201330.198 43.573
1750201330.575 43.579
1750201330.952 44.018
1750201331.330 43.715
1750201331.706 44.623
1750201332.104 43.805
1750201332.507 43.962
1750201332.904 43.710
1750201333.304 43.742
1750201333.700 43.865
1750201334.077 43.680
1750201334.454 43.838
1750201334.834 43.998
1750201335.211 43.432
1750201335.598 43.628
1750201335.974 44.013
1750201336.351 43.764
1750201336.728 43.815
1750201337.106 43.341
1750201337.514 43.807
1750201337.904 43.901
1750201338.306 43.941
1750201338.704 44.392
1750201339.103 44.127
1750201339.506 43.678
1750201339.908 43.852
1750201340.303 43.720
1750201340.701 43.715
1750201341.078 42.949
1750201341.455 43.417
1750201341.837 43.514
1750201356.558 42.273
1750201356.935 42.456
1750201357.311 42.763
1750201357.700 42.189
1750201358.079 42.857
1750201358.456 43.083
1750201358.834 43.050
1750201359.211 42.702
1750201359.597 42.950
1750201359.973 42.861
1750201360.351 42.433
1750201360.728 42.797
1750201361.107 42.713
1750201361.513 43.340
1750201361.903 42.489
1750201362.302 43.110
1750201362.678 43.664
1750201363.056 42.902
1750201363.436 44.235
1750201363.813 42.781
1750201364.200 43.289
1750201364.578 42.670
1750201364.955 43.573
1750201365.334 43.459
1750201365.710 43.346
1750201366.103 44.426
1750201366.479 43.434
1750201366.857 43.331
1750201367.235 43.721
1750201367.612 43.317
1750201368.002 43.399
1750201368.379 43.729
1750201368.757 43.291
1750201369.137 43.682
1750201369.514 43.026
1750201369.906 42.896
1750201370.302 43.322
1750201370.678 42.886
1750201371.056 43.094
1750201371.434 43.536
1750201371.811 43.431
1750201372.197 43.071
1750201372.574 43.978
1750201372.952 42.837
1750201373.329 42.763
1750201373.705 43.051
1750201374.105 44.104
1750201374.509 43.396
1750201374.901 43.295
1750201375.278 43.146
1750201375.654 42.955
1750201376.036 43.497
1750201376.413 43.773
1750201376.802 43.676
1750201377.180 43.482
1750201377.557 43.692
1750201377.936 43.265
1750201378.313 43.328
1750201378.704 43.111
1750201379.080 43.145
1750201379.457 43.450
1750201379.834 43.193
1750201380.211 43.175
1750201380.597 44.108
1750201380.974 43.260
1750201381.351 44.232
1750201381.728 42.818
1750201382.105 43.287
1750201382.512 42.697
1750201382.901 42.288
1750201383.278 42.657
1750201383.655 43.067
1750201384.037 43.265
1750201384.414 43.408
1750201384.797 42.959
1750201385.175 43.376
1750201385.552 43.016
1750201385.935 43.180
1750201386.312 42.644
1750201386.706 42.511
1750201387.103 42.532
1750201387.480 43.207
1750201387.857 42.901
1750201388.235 43.297
1750201388.612 43.261
1750201389.003 42.111
1750201389.399 43.413
1750201389.776 42.725
1750201390.153 43.128
1750201390.534 42.533
1750201390.912 42.958
1750201391.301 42.347
1750201391.679 43.707
1750201392.059 42.673
1750201392.435 42.374
1750201392.812 42.835
1750201393.198 42.729
1750201393.575 43.146
1750201393.952 42.719
1750201394.330 42.691
1750201404.197 45.738
1750201404.574 44.667
1750201404.952 44.842
1750201405.334 44.770
1750201405.711 45.605
1750201406.102 44.514
1750201406.479 45.083
1750201406.856 45.257
1750201407.237 44.896
1750201407.615 44.764
1750201408.010 45.865
1750201408.399 45.595
1750201408.777 46.162
1750201409.154 45.614
1750201409.534 45.166
1750201409.911 44.459
1750201410.304 44.499
1750201410.706 44.611
1750201411.105 45.213
1750201411.512 45.077
1750201411.908 44.490
1750201412.302 45.125
1750201412.679 44.902
1750201413.057 45.026
1750201413.434 44.832
1750201413.810 44.530
1750201414.197 44.986
1750201414.575 44.073
1750201414.952 44.780
1750201415.329 44.792
1750201415.706 44.644
1750201416.105 44.941
1750201416.507 44.308
1750201416.903 44.859
1750201417.280 44.395
1750201417.657 45.306
1750201418.037 44.770
1750201418.414 44.417
1750201418.802 44.784
1750201419.178 45.174
1750201419.555 45.283
1750201419.936 45.103
1750201420.314 44.745
1750201420.704 45.082
1750201421.103 44.396
1750201421.510 44.196
1750201421.904 45.099
1750201422.306 44.835
1750201422.706 44.515
1750201423.105 44.993
1750201423.510 44.041
1750201423.909 44.488
1750201424.303 44.626
1750201424.702 44.526
1750201425.080 44.618
1750201425.455 44.587
1750201425.838 44.580
1750201426.215 45.666
1750201426.605 44.501
1750201427.002 45.093
1750201427.379 44.678
1750201427.756 44.890
1750201428.134 44.276
1750201428.512 44.383
1750201428.901 44.312
1750201429.278 44.908
1750201429.655 45.169
1750201430.037 44.484
1750201430.414 44.703
1750201430.800 44.262
1750201431.176 44.276
1750201431.553 44.257
1750201431.933 43.946
1750201432.311 44.150
1750201432.703 44.856
1750201433.102 44.532
1750201433.478 44.220
1750201433.855 44.734
1750201434.239 44.172
1750201434.616 44.808
1750201435.007 44.827
1750201435.398 43.903
1750201435.775 44.306
1750201436.153 44.297
1750201436.530 44.785
1750201436.908 44.609
1750201437.302 44.344
1750201437.680 44.331
1750201438.057 44.406
1750201438.437 45.205
1750201438.815 44.353
1750201439.203 43.963
1750201439.579 44.796
1750201439.956 43.976
1750201440.334 43.809
1750201440.711 44.287
1750201441.103 44.507
1750201441.480 44.182
1750201441.856 44.729
1750201442.236 44.421
1750201458.973 44.270
1750201459.350 43.820
1750201459.728 44.445
1750201460.104 44.159
1750201460.509 44.383
1750201460.903 43.966
1750201461.280 44.491
1750201461.657 43.590
1750201462.035 44.194
1750201462.412 44.579
1750201462.797 44.206
1750201463.174 44.236
1750201463.552 44.451
1750201463.929 44.241
1750201464.306 44.360
1750201464.707 44.304
1750201465.103 44.407
1750201465.480 44.229
1750201465.857 44.257
1750201466.236 44.552
1750201466.613 44.303
1750201467.005 44.298
1750201467.400 44.226
1750201467.777 44.447
1750201468.154 44.243
1750201468.534 44.374
1750201468.911 44.078
1750201469.301 44.175
1750201469.678 44.331
1750201470.056 44.240
1750201470.435 44.032
1750201470.811 44.408
1750201471.198 44.279
1750201471.575 44.048
1750201471.952 44.130
1750201472.329 44.780
1750201472.706 44.183
1750201473.107 44.443
1750201473.510 44.221
1750201473.904 44.102
1750201474.305 44.156
1750201474.703 43.978
1750201475.102 43.886
1750201475.479 44.249
1750201475.856 44.209
1750201476.238 44.009
1750201476.615 44.515
1750201477.007 44.902
1750201477.397 44.756
1750201477.774 44.168
1750201478.153 44.380
1750201478.530 43.881
1750201478.907 44.905
1750201479.302 44.307
1750201479.679 44.071
1750201480.058 44.196
1750201480.437 44.160
1750201480.814 44.053
1750201481.202 43.966
1750201481.579 44.252
1750201481.956 44.487
1750201482.334 43.851
1750201482.712 44.228
1750201483.104 44.380
1750201483.508 44.631
1750201483.910 44.488
1750201484.303 44.424
1750201484.680 44.380
1750201485.058 43.669
1750201485.435 43.581
1750201485.813 44.267
1750201486.197 44.093
1750201486.574 44.112
1750201486.951 43.990
1750201487.329 44.270
1750201487.719 44.545
1750201488.106 44.233
1750201488.510 44.024
1750201488.902 44.231
1750201489.279 44.058
1750201489.656 44.615
1750201490.038 44.008
1750201490.414 44.018
1750201490.801 43.783
1750201491.178 44.572
1750201491.555 43.993
1750201491.935 44.104
1750201492.312 44.101
1750201492.703 44.514
1750201493.080 44.468
1750201493.457 44.028
1750201493.835 44.104
1750201494.213 44.459
1750201494.599 44.420
1750201494.977 44.193
1750201495.354 44.193
1750201495.737 44.039
1750201496.113 44.534
1750201496.511 44.261
1750201496.902 44.244
1750201510.407 43.452
1750201510.799 43.373
1750201511.176 43.529
1750201511.553 43.259
1750201511.930 43.199
1750201512.307 42.905
1750201512.706 43.336
1750201513.103 43.334
1750201513.480 43.191
1750201513.858 43.073
1750201514.235 43.357
1750201514.612 43.719
1750201515.005 43.192
1750201515.401 43.784
1750201515.778 43.497
1750201516.154 43.480
1750201516.535 43.583
1750201516.913 43.021
1750201517.301 42.990
1750201517.678 43.572
1750201518.054 43.942
1750201518.434 43.378
1750201518.810 43.673
1750201519.198 43.477
1750201519.575 43.194
1750201519.952 43.917
1750201520.329 43.770
1750201520.707 43.066
1750201521.107 44.020
1750201521.511 43.484
1750201521.904 43.726
1750201522.306 43.591
1750201522.703 43.438
1750201523.103 43.761
1750201523.480 42.986
1750201523.857 43.049
1750201524.237 43.673
1750201524.614 44.030
1750201525.009 42.950
1750201525.398 43.487
1750201525.775 43.589
1750201526.153 43.521
1750201526.534 43.242
1750201526.911 42.736
1750201527.303 43.862
1750201527.679 43.304
1750201528.056 43.141
1750201528.437 43.218
1750201528.814 43.380
1750201529.200 43.162
1750201529.576 43.078
1750201529.955 43.432
1750201530.335 42.591
1750201530.712 43.104
1750201531.104 43.534
1750201531.510 43.412
1750201531.906 43.129
1750201532.303 43.318
1750201532.680 43.186
1750201533.059 43.178
1750201533.436 43.085
1750201533.813 43.166
1750201534.199 43.534
1750201534.576 43.244
1750201534.952 43.189
1750201535.329 43.413
1750201535.706 43.156
1750201536.105 43.340
1750201536.506 42.598
1750201536.903 42.875
1750201537.304 42.982
1750201537.701 43.331
1750201538.078 43.255
1750201538.455 42.986
1750201538.835 43.120
1750201539.212 43.552
1750201539.598 43.369
1750201539.976 42.773
1750201540.352 43.226
1750201540.730 42.693
1750201541.108 42.596
1750201541.512 43.372
1750201541.905 43.129
1750201542.303 43.052
1750201542.680 43.222
1750201543.058 42.478
1750201543.436 43.436
1750201543.814 42.615
1750201544.200 42.749
1750201544.577 43.205
1750201544.953 42.992
1750201545.330 43.334
1750201545.707 42.880
1750201546.102 42.392
1750201546.479 42.238
1750201546.856 42.504
1750201547.236 42.763
1750201547.612 42.597
1750201548.003 42.641
1750201548.380 42.596
1750201564.728 41.523
1750201565.106 41.727
1750201565.512 41.460
1750201565.907 42.080
1750201566.305 41.689
1750201566.706 41.482
1750201567.106 41.314
1750201567.509 42.055
1750201567.908 41.920
1750201568.303 41.660
1750201568.680 41.902
1750201569.059 42.337
1750201569.436 42.092
1750201569.814 42.572
1750201570.197 42.103
1750201570.575 42.522
1750201570.952 41.962
1750201571.329 41.801
1750201571.707 42.293
1750201572.106 42.387
1750201572.509 42.359
1750201572.903 42.358
1750201573.304 42.339
1750201573.681 42.197
1750201574.059 42.817
1750201574.437 41.947
1750201574.814 42.534
1750201575.198 42.579
1750201575.575 42.199
1750201575.953 42.167
1750201576.331 41.992
1750201576.708 42.330
1750201577.103 42.333
1750201577.480 42.968
1750201577.858 42.244
1750201578.238 42.948
1750201578.614 42.372
1750201579.009 42.173
1750201579.399 42.674
1750201579.777 42.471
1750201580.154 41.472
1750201580.534 42.105
1750201580.911 42.354
1750201581.301 42.265
1750201581.679 42.397
1750201582.055 42.452
1750201582.437 42.584
1750201582.814 42.187
1750201583.203 42.363
1750201583.579 41.742
1750201583.956 41.949
1750201584.335 42.368
1750201584.712 42.502
1750201585.103 42.475
1750201585.507 41.924
1750201585.909 42.345
1750201586.303 42.418
1750201586.680 42.191
1750201587.058 42.213
1750201587.435 42.607
1750201587.811 42.416
1750201588.197 42.102
1750201588.574 42.277
1750201588.952 42.051
1750201589.329 41.687
1750201589.706 41.891
1750201590.106 42.409
1750201590.509 41.879
1750201590.903 42.166
1750201591.279 42.305
1750201591.656 41.645
1750201592.036 41.490
1750201592.413 42.153
1750201592.801 42.249
1750201593.178 42.026
1750201593.555 41.785
1750201593.936 42.242
1750201594.313 42.107
1750201594.703 42.145
1750201595.081 41.956
1750201595.458 42.006
1750201595.835 42.083
1750201596.213 42.161
1750201596.598 41.829
1750201596.976 41.988
1750201597.353 42.706
1750201597.729 41.676
1750201598.106 41.658
1750201598.512 42.158
1750201598.904 42.498
1750201599.280 42.223
1750201599.657 41.879
1750201600.037 41.894
1750201600.414 42.094
1750201600.797 42.060
1750201601.176 41.791
1750201601.553 41.958
1750201601.931 42.396
1750201602.308 41.390
1750201602.706 42.003
1750201614.227 43.714
1750201614.604 43.569
1750201614.980 43.651
1750201615.357 42.929
1750201615.739 43.768
1750201616.115 42.713
1750201616.511 43.912
1750201616.901 44.006
1750201617.278 43.694
1750201617.654 43.392
1750201618.035 43.705
1750201618.412 43.982
1750201618.798 44.489
1750201619.175 44.251
1750201619.553 43.562
1750201619.931 44.349
1750201620.308 43.767
1750201620.707 44.122
1750201621.105 43.754
1750201621.508 44.061
1750201621.909 44.107
1750201622.303 44.127
1750201622.681 44.446
1750201623.059 44.229
1750201623.435 44.249
1750201623.812 44.073
1750201624.197 44.821
1750201624.575 43.732
1750201624.953 44.529
1750201625.330 44.647
1750201625.706 44.988
1750201626.105 44.204
1750201626.507 44.340
1750201626.905 44.117
1750201627.306 44.173
1750201627.703 44.581
1750201628.080 44.785
1750201628.458 44.711
1750201628.835 44.382
1750201629.212 45.056
1750201629.597 44.624
1750201629.976 44.667
1750201630.353 44.781
1750201630.730 45.322
1750201631.107 44.780
1750201631.512 44.862
1750201631.908 45.008
1750201632.304 44.984
1750201632.705 44.822
1750201633.105 45.044
1750201633.508 45.034
1750201634.044 44.756
1750201634.421 44.910
1750201634.801 45.130
1750201635.179 45.076
1750201635.556 45.452
1750201635.937 44.978
1750201636.313 44.812
1750201636.703 44.762
1750201637.081 44.676
1750201637.458 45.203
1750201637.837 44.476
1750201638.214 44.928
1750201638.599 44.524
1750201638.976 45.181
1750201639.353 45.362
1750201639.730 45.077
1750201640.107 45.492
1750201640.512 44.976
1750201640.902 45.651
1750201641.279 45.833
1750201641.655 46.053
1750201642.035 45.121
1750201642.412 45.230
1750201642.797 45.430
1750201643.175 45.841
1750201643.553 45.396
1750201643.930 45.531
1750201644.307 45.690
1750201644.707 45.504
1750201645.105 45.711
1750201645.509 45.183
1750201645.908 45.528
1750201646.305 45.574
1750201646.703 44.798
1750201647.080 45.790
1750201647.458 45.876
1750201647.838 45.743
1750201648.215 45.640
1750201648.602 45.586
1750201648.978 44.976
1750201649.355 45.587
1750201649.736 45.229
1750201650.113 45.671
1750201650.509 45.447
1750201650.902 46.075
1750201651.279 45.645
1750201651.656 46.319
1750201652.038 45.800
1750201652.416 46.088
1750201661.124 47.459
1750201661.517 47.523
1750201661.906 46.580
1750201662.305 46.119
1750201662.705 45.869
1750201663.103 46.696
1750201663.480 46.876
1750201663.857 46.126
1750201664.236 46.551
1750201664.613 45.893
1750201665.003 47.015
1750201665.381 45.617
1750201665.758 47.879
1750201666.137 46.224
1750201666.514 46.604
1750201666.907 47.357
1750201667.301 46.591
1750201667.678 47.336
1750201668.056 47.070
1750201668.435 46.614
1750201668.813 47.623
1750201669.199 46.146
1750201669.576 47.761
1750201669.953 46.297
1750201670.331 47.082
1750201670.708 46.373
1750201671.110 47.604
1750201671.512 45.987
1750201671.906 47.224
1750201672.308 46.656
1750201672.703 46.750
1750201673.080 46.615
1750201673.458 47.161
1750201673.836 46.978
1750201674.213 46.022
1750201674.598 47.809
1750201674.976 45.860
1750201675.353 46.831
1750201675.731 46.844
1750201676.107 47.549
1750201676.511 45.879
1750201676.903 47.089
1750201677.301 45.334
1750201677.677 45.909
1750201678.054 47.183
1750201678.436 47.553
1750201678.812 45.877
1750201679.202 46.415
1750201679.579 46.733
1750201679.956 46.632
1750201680.335 47.004
1750201680.711 46.981
1750201681.105 47.078
1750201681.509 46.686
1750201681.909 47.352
1750201682.305 47.003
1750201682.703 46.637
1750201683.079 46.698
1750201683.456 46.252
1750201683.837 46.718
1750201684.214 46.536
1750201684.602 46.973
1750201684.979 47.068
1750201685.356 46.657
1750201685.736 46.388
1750201686.113 47.154
1750201686.510 45.849
1750201686.904 45.450
1750201687.305 46.220
1750201687.701 46.233
1750201688.078 46.798
1750201688.455 46.128
1750201688.835 45.273
1750201689.211 46.533
1750201689.600 45.772
1750201689.977 46.022
1750201690.355 46.687
1750201690.737 46.441
1750201691.115 46.410
1750201691.512 44.977
1750201691.905 45.447
1750201692.304 46.227
1750201692.706 46.417
1750201693.105 47.262
1750201693.509 46.191
1750201693.909 46.723
1750201694.307 46.389
1750201694.705 46.458
1750201695.105 45.857
1750201695.507 46.377
1750201695.907 45.744
1750201696.308 45.476
1750201696.704 46.533
1750201697.103 45.250
1750201697.480 46.270
1750201697.857 46.393
1750201698.238 45.730
1750201698.615 45.700
1750201699.007 46.121
1750201699.402 45.987
1750201716.146 46.125
1750201716.524 42.725
1750201716.903 42.361
1750201717.280 42.656
1750201717.658 42.550
1750201718.038 42.557
1750201718.415 43.558
1750201718.802 42.756
1750201719.179 43.098
1750201719.557 42.812
1750201719.935 42.282
1750201720.312 42.479
1750201720.704 42.859
1750201721.156 43.142
1750201721.536 42.927
1750201721.913 42.750
1750201722.305 42.730
1750201722.705 43.041
1750201723.103 42.807
1750201723.479 42.786
1750201723.856 43.081
1750201724.236 42.806
1750201724.613 42.511
1750201725.004 42.356
1750201725.381 42.355
1750201725.757 43.096
1750201726.137 42.837
1750201726.513 42.475
1750201726.906 43.055
1750201727.301 42.298
1750201727.678 42.515
1750201728.056 43.192
1750201728.436 42.712
1750201728.812 42.426
1750201729.198 42.537
1750201729.575 42.225
1750201729.955 43.051
1750201730.337 42.814
1750201730.714 43.119
1750201731.106 42.541
1750201731.511 42.993
1750201731.906 42.654
1750201732.307 43.157
1750201732.704 42.862
1750201733.080 42.703
1750201733.458 42.378
1750201733.836 43.135
1750201734.213 42.487
1750201734.598 43.100
1750201734.975 42.848
1750201735.353 42.558
1750201735.729 42.663
1750201736.106 43.097
1750201736.510 42.801
1750201736.902 43.349
1750201737.280 42.782
1750201737.657 42.210
1750201738.036 43.270
1750201738.413 42.650
1750201738.799 42.442
1750201739.175 42.282
1750201739.553 42.529
1750201739.931 42.582
1750201740.308 43.034
1750201740.708 42.305
1750201741.103 42.744
1750201741.480 42.839
1750201741.858 42.711
1750201742.236 42.780
1750201742.613 41.810
1750201743.003 42.940
1750201743.380 42.760
1750201743.757 41.599
1750201744.137 42.698
1750201744.514 42.912
1750201744.909 42.181
1750201745.303 42.833
1750201745.680 42.191
1750201746.057 42.661
1750201746.436 42.068
1750201746.814 42.521
1750201747.200 42.125
1750201747.576 42.303
1750201747.954 42.180
1750201748.337 41.703
1750201748.714 42.970
1750201749.108 42.172
1750201749.511 42.272
1750201749.907 42.402
1750201750.307 41.952
1750201750.703 42.447
1750201751.080 41.581
1750201751.456 42.513
1750201751.835 42.516
1750201752.212 42.124
1750201752.598 42.414
1750201752.975 42.019
1750201753.354 42.069
1750201753.731 42.348
1750201754.107 41.709
1750201770.062 48.175
1750201770.440 48.978
1750201770.817 48.809
1750201771.200 49.424
1750201771.577 49.055
1750201771.954 49.345
1750201772.331 50.005
1750201772.708 49.603
1750201773.107 49.787
1750201773.511 49.451
1750201773.904 49.279
1750201774.307 50.174
1750201774.704 50.550
1750201775.081 49.505
1750201775.458 50.328
1750201775.836 50.144
1750201776.213 50.520
1750201776.598 49.887
1750201776.976 50.377
1750201777.354 50.396
1750201777.731 50.172
1750201778.108 50.346
1750201778.511 49.701
1750201778.904 50.286
1750201779.301 49.973
1750201779.678 49.827
1750201780.056 51.106
1750201780.439 51.120
1750201780.815 50.049
1750201781.202 50.391
1750201781.579 50.487
1750201781.956 50.551
1750201782.336 50.684
1750201782.713 49.987
1750201783.104 50.600
1750201783.508 50.754
1750201783.908 50.527
1750201784.304 50.155
1750201784.703 50.298
1750201785.080 50.845
1750201785.457 51.057
1750201785.840 50.599
1750201786.217 51.058
1750201786.604 50.417
1750201787.001 50.675
1750201787.379 51.159
1750201787.755 50.348
1750201788.136 50.763
1750201788.513 50.604
1750201788.904 50.825
1750201789.304 51.085
1750201789.702 50.657
1750201790.081 51.717
1750201790.458 50.809
1750201790.836 51.307
1750201791.213 51.156
1750201791.598 51.615
1750201791.976 51.629
1750201792.354 50.801
1750201792.737 51.444
1750201793.114 51.593
1750201793.513 50.856
1750201793.905 51.577
1750201794.303 51.304
1750201794.680 51.439
1750201795.057 51.550
1750201795.439 50.128
1750201795.816 50.138
1750201796.201 50.381
1750201796.577 50.578
1750201796.955 50.612
1750201797.336 51.240
1750201797.713 50.574
1750201798.104 50.651
1750201798.481 51.435
1750201798.859 51.052
1750201799.237 50.926
1750201799.614 51.474
1750201800.004 50.758
1750201800.401 51.317
1750201800.778 51.240
1750201801.155 50.963
1750201801.536 50.829
1750201801.912 51.050
1750201802.305 51.513
1750201802.705 51.829
1750201803.081 51.306
1750201803.458 51.706
1750201803.838 51.142
1750201804.215 51.030
1750201804.601 51.430
1750201804.978 51.248
1750201805.355 51.858
1750201805.735 51.525
1750201806.113 51.462
1750201806.508 51.668
1750201806.904 51.271
1750201807.281 51.567
1750201807.658 52.102
1750201808.038 51.770
1750201815.918 50.485
1750201816.308 50.584
1750201816.705 50.432
1750201817.103 50.783
1750201817.480 50.078
1750201817.857 51.096
1750201818.239 51.434
1750201818.616 50.942
1750201819.010 51.106
1750201819.399 50.748
1750201819.777 50.755
1750201820.154 51.271
1750201820.531 51.047
1750201820.907 50.743
1750201821.302 50.713
1750201821.679 50.955
1750201822.056 51.109
1750201822.438 50.782
1750201822.815 50.958
1750201823.201 51.052
1750201823.578 50.940
1750201823.956 51.287
1750201824.336 51.325
1750201824.713 51.403
1750201825.104 51.087
1750201825.481 50.786
1750201825.857 51.087
1750201826.237 51.021
1750201826.614 51.263
1750201827.004 51.034
1750201827.380 51.436
1750201827.757 51.322
1750201828.138 50.570
1750201828.515 49.948
1750201828.907 50.970
1750201829.302 50.653
1750201829.679 50.726
1750201830.057 50.701
1750201830.436 50.974
1750201830.813 50.768
1750201831.198 51.254
1750201831.575 50.849
1750201831.953 49.791
1750201832.330 50.392
1750201832.707 50.387
1750201833.107 51.269
1750201833.513 50.335
1750201833.904 50.434
1750201834.281 50.678
1750201834.657 50.809
1750201835.038 50.695
1750201835.415 50.585
1750201835.803 50.398
1750201836.179 50.537
1750201836.556 49.879
1750201836.936 50.212
1750201837.315 49.909
1750201837.702 49.209
1750201838.079 49.858
1750201838.456 49.849
1750201838.836 50.251
1750201839.212 49.722
1750201839.599 50.140
1750201839.976 50.174
1750201840.353 50.299
1750201840.731 50.213
1750201841.108 49.590
1750201841.513 49.569
1750201841.906 49.779
1750201842.306 50.505
1750201842.707 49.881
1750201843.104 49.799
1750201843.481 49.670
1750201843.858 49.741
1750201844.237 50.049
1750201844.613 50.286
1750201845.005 49.769
1750201845.400 49.585
1750201845.776 49.416
1750201846.154 49.227
1750201846.531 49.553
1750201846.909 49.238
1750201847.302 49.469
1750201847.678 50.084
1750201848.056 49.076
1750201848.436 49.554
1750201848.813 49.271
1750201849.200 49.674
1750201849.576 48.936
1750201849.953 49.355
1750201850.329 49.387
1750201850.706 49.417
1750201851.108 49.275
1750201851.512 49.825
1750201851.905 49.087
1750201852.306 49.784
1750201852.705 50.022
1750201853.103 49.558
1750201853.480 49.122
1750201853.856 48.946
1750201867.774 48.840
1750201868.151 48.267
1750201868.528 47.764
1750201868.905 47.471
1750201869.301 47.212
1750201869.679 47.340
1750201870.055 47.549
1750201870.437 47.295
1750201870.815 47.263
1750201871.202 47.509
1750201871.579 47.459
1750201871.957 47.248
1750201872.336 47.490
1750201872.713 46.989
1750201873.105 47.889
1750201873.508 47.373
1750201873.909 47.898
1750201874.303 47.283
1750201874.681 47.045
1750201875.060 46.642
1750201875.437 46.923
1750201875.814 48.036
1750201876.199 47.499
1750201876.576 48.011
1750201876.954 47.875
1750201877.331 47.328
1750201877.707 47.584
1750201878.106 47.365
1750201878.511 47.994
1750201878.903 47.625
1750201879.279 47.525
1750201879.657 47.367
1750201880.039 47.532
1750201880.416 47.420
1750201880.804 47.151
1750201881.181 47.461
1750201881.558 47.782
1750201881.937 48.014
1750201882.313 47.349
1750201882.704 47.882
1750201883.080 47.210
1750201883.457 47.154
1750201883.836 47.019
1750201884.213 47.941
1750201884.600 47.741
1750201884.977 47.858
1750201885.354 47.513
1750201885.731 47.951
1750201886.108 47.199
1750201886.511 47.430
1750201886.904 47.676
1750201887.280 47.764
1750201887.657 47.930
1750201888.038 47.389
1750201888.416 47.928
1750201888.800 47.643
1750201889.177 47.593
1750201889.554 47.654
1750201889.938 47.423
1750201890.315 47.604
1750201890.707 47.842
1750201891.105 47.659
1750201891.507 47.549
1750201891.912 47.081
1750201892.304 47.269
1750201892.703 47.131
1750201893.081 47.523
1750201893.458 46.931
1750201893.838 47.753
1750201894.215 46.915
1750201894.603 47.519
1750201894.980 46.900
1750201895.356 47.159
1750201895.736 47.583
1750201896.113 47.516
1750201896.511 47.511
1750201896.903 47.358
1750201897.279 47.103
1750201897.656 47.564
1750201898.038 47.013
1750201898.416 47.304
1750201898.804 46.923
1750201899.197 47.399
1750201899.575 47.571
1750201899.953 47.007
1750201900.330 47.497
1750201900.708 46.875
1750201901.104 47.349
1750201901.481 47.090
1750201901.859 46.850
1750201902.240 47.086
1750201902.617 46.939
1750201903.008 46.983
1750201903.400 47.226
1750201903.777 47.211
1750201904.155 47.486
1750201904.536 46.966
1750201904.913 47.099
1750201905.303 46.799
1750201905.680 47.821
1750201917.959 44.387
1750201918.337 42.307
1750201918.714 44.085
1750201919.105 43.792
1750201919.511 43.798
1750201919.907 43.384
1750201920.305 42.883
1750201920.708 43.524
1750201921.104 44.065
1750201921.481 44.191
1750201921.857 44.615
1750201922.238 43.370
1750201922.614 44.281
1750201923.003 44.013
1750201923.379 43.717
1750201923.756 50.449
1750201924.138 50.231
1750201924.515 49.365
1750201924.907 49.734
1750201925.303 49.175
1750201925.680 49.933
1750201926.058 49.475
1750201926.436 49.520
1750201926.813 49.601
1750201927.198 49.592
1750201927.575 49.205
1750201927.953 49.679
1750201928.331 50.004
1750201928.708 49.876
1750201929.108 50.088
1750201929.510 49.695
1750201929.904 50.209
1750201930.282 49.361
1750201930.659 50.431
1750201931.039 49.468
1750201931.418 49.737
1750201931.804 49.696
1750201932.181 49.653
1750201932.558 49.913
1750201932.937 50.000
1750201933.315 50.197
1750201933.703 50.049
1750201934.080 50.650
1750201934.457 50.382
1750201934.838 50.734
1750201935.215 50.798
1750201935.598 50.639
1750201935.976 50.553
1750201936.354 50.890
1750201936.731 50.159
1750201937.109 50.548
1750201937.514 50.619
1750201937.905 50.200
1750201938.303 50.106
1750201938.680 50.043
1750201939.057 50.243
1750201939.439 50.354
1750201939.816 50.815
1750201940.202 50.446
1750201940.579 50.415
1750201940.957 50.967
1750201941.336 50.860
1750201941.713 51.185
1750201942.103 50.853
1750201942.480 50.634
1750201942.858 50.275
1750201943.238 50.998
1750201943.615 50.718
1750201944.005 51.417
1750201944.401 50.949
1750201944.779 50.837
1750201945.156 50.562
1750201945.536 50.462
1750201945.913 51.197
1750201946.304 50.947
1750201946.681 50.894
1750201947.058 50.810
1750201947.436 50.654
1750201947.814 51.756
1750201948.199 50.776
1750201948.577 51.188
1750201948.954 51.215
1750201949.331 51.135
1750201949.708 51.393
1750201950.106 51.365
1750201950.510 51.370
1750201950.904 50.967
1750201951.281 51.732
1750201951.659 51.462
1750201952.040 51.870
1750201952.417 51.059
1750201952.803 51.241
1750201953.179 51.389
1750201953.556 50.882
1750201953.938 50.571
1750201954.315 51.528
1750201954.705 51.073
1750201955.104 52.121
1750201955.481 51.558
1750201955.859 51.748
1750201964.161 50.118
1750201964.539 50.205
1750201964.916 49.569
1750201965.303 50.358
1750201965.680 50.102
1750201966.056 50.122
1750201966.438 50.536
1750201966.815 51.088
1750201967.203 50.201
1750201967.580 50.699
1750201967.957 50.617
1750201968.336 49.743
1750201968.713 50.151
1750201969.106 50.029
1750201969.510 50.142
1750201969.909 50.373
1750201970.305 51.215
1750201970.703 50.088
1750201971.080 50.147
1750201971.457 50.108
1750201971.838 49.834
1750201972.215 50.913
1750201972.603 50.413
1750201972.979 50.244
1750201973.356 50.800
1750201973.736 50.580
1750201974.112 50.136
1750201974.511 50.731
1750201974.905 49.983
1750201975.305 49.914
1750201975.702 49.710
1750201976.079 50.659
1750201976.456 49.566
1750201976.836 49.912
1750201977.213 49.751
1750201977.598 50.465
1750201977.976 49.429
1750201978.354 49.856
1750201978.731 50.227
1750201979.108 49.795
1750201979.513 49.874
1750201979.907 49.261
1750201980.304 50.271
1750201980.680 49.350
1750201981.057 50.309
1750201981.439 50.063
1750201981.816 49.684
1750201982.201 50.299
1750201982.579 49.411
1750201982.956 49.605
1750201983.335 49.298
1750201983.712 49.261
1750201984.103 49.308
1750201984.480 49.582
1750201984.857 49.054
1750201985.237 49.404
1750201985.614 49.608
1750201986.007 49.509
1750201986.404 49.201
1750201986.781 49.270
1750201987.158 49.644
1750201987.536 48.703
1750201987.913 49.891
1750201988.304 48.861
1750201988.680 49.393
1750201989.057 49.327
1750201989.436 49.422
1750201989.813 48.469
1750201990.199 49.189
1750201990.575 48.945
1750201990.953 48.929
1750201991.330 49.009
1750201991.707 49.379
1750201992.105 48.729
1750201992.508 48.423
1750201992.903 48.830
1750201993.279 48.988
1750201993.656 48.873
1750201994.038 48.668
1750201994.416 48.712
1750201994.805 48.300
1750201995.199 48.858
1750201995.576 49.157
1750201995.953 48.589
1750201996.329 48.451
1750201996.706 48.948
1750201997.104 48.004
1750201997.481 48.209
1750201997.857 48.626
1750201998.239 48.135
1750201998.616 48.170
1750201999.011 47.542
1750201999.398 48.501
1750201999.776 48.067
1750202000.155 48.558
1750202000.532 47.931
1750202000.908 47.686
1750202001.303 47.630
1750202001.680 47.505
1750202002.056 48.251
1750202013.553 50.833
1750202013.936 50.337
1750202014.313 49.895
1750202014.705 49.839
1750202015.106 49.948
1750202015.512 49.636
1750202015.907 49.745
1750202016.304 49.034
1750202016.682 49.371
1750202017.059 49.525
1750202017.438 49.918
1750202017.816 49.714
1750202018.202 49.559
1750202018.579 49.264
1750202018.957 49.953
1750202019.336 50.000
1750202019.713 49.696
1750202020.104 49.305
1750202020.481 50.285
1750202020.858 49.314
1750202021.237 49.951
1750202021.615 50.483
1750202022.007 46.112
1750202022.402 46.178
1750202022.779 46.044
1750202023.156 47.073
1750202023.538 46.524
1750202023.916 51.279
1750202024.305 50.372
1750202024.682 50.533
1750202025.059 49.688
1750202025.436 50.597
1750202025.814 49.650
1750202026.200 49.850
1750202026.577 50.490
1750202026.955 49.786
1750202027.332 50.082
1750202027.709 50.050
1750202028.106 50.428
1750202028.508 49.718
1750202028.905 50.103
1750202029.305 50.426
1750202029.702 50.077
1750202030.078 50.055
1750202030.455 50.032
1750202030.836 50.280
1750202031.212 49.621
1750202031.602 49.357
1750202031.979 49.979
1750202032.356 50.530
1750202032.739 50.189
1750202033.116 50.285
1750202033.514 49.661
1750202033.906 49.813
1750202034.305 49.519
1750202034.682 50.374
1750202035.060 50.406
1750202035.438 49.739
1750202035.815 50.280
1750202036.202 49.779
1750202036.578 49.933
1750202036.956 49.854
1750202037.336 50.270
1750202037.712 50.154
1750202038.103 49.781
1750202038.479 50.176
1750202038.856 50.274
1750202039.236 49.504
1750202039.614 49.883
1750202040.007 50.042
1750202040.402 50.071
1750202040.779 49.319
1750202041.157 49.963
1750202041.537 49.175
1750202041.914 50.314
1750202042.305 50.110
1750202042.703 49.566
1750202043.081 49.935
1750202043.458 49.742
1750202043.839 49.873
1750202044.216 49.974
1750202044.602 49.911
1750202044.980 50.366
1750202045.357 49.654
1750202045.737 49.549
1750202046.114 50.263
1750202046.510 49.590
1750202046.903 49.801
1750202047.280 49.532
1750202047.657 49.893
1750202048.040 49.678
1750202048.418 50.052
1750202048.803 50.146
1750202049.179 49.914
1750202049.556 49.651
1750202049.937 49.118
1750202050.314 49.266
1750202050.704 49.498
1750202051.081 49.955
1750202051.458 49.639
1750202065.769 45.962
1750202066.146 45.708
1750202066.523 46.465
1750202066.905 46.117
1750202067.281 46.528
1750202067.658 46.274
1750202068.037 46.562
1750202068.414 46.246
1750202068.799 46.408
1750202069.176 46.746
1750202069.554 46.535
1750202069.937 46.306
1750202070.314 46.469
1750202070.708 45.896
1750202071.106 46.000
1750202071.510 46.785
1750202071.909 46.888
1750202072.304 46.902
1750202072.681 46.643
1750202073.058 45.963
1750202073.436 46.683
1750202073.814 47.010
1750202074.198 45.915
1750202074.579 46.438
1750202074.957 46.387
1750202075.338 46.640
1750202075.715 45.918
1750202076.107 46.495
1750202076.512 45.423
1750202076.903 46.049
1750202077.280 46.025
1750202077.657 45.904
1750202078.039 46.429
1750202078.416 45.758
1750202078.806 46.142
1750202079.198 46.923
1750202079.575 46.021
1750202079.953 46.211
1750202080.330 45.650
1750202080.708 45.974
1750202081.104 46.195
1750202081.482 46.117
1750202081.859 45.990
1750202082.240 45.812
1750202082.617 45.766
1750202083.008 45.535
1750202083.399 45.549
1750202083.776 45.523
1750202084.154 45.455
1750202084.532 45.934
1750202084.908 45.556
1750202085.304 45.816
1750202085.681 45.531
1750202086.059 45.535
1750202086.440 45.459
1750202086.818 45.816
1750202087.206 46.303
1750202087.599 45.633
1750202087.976 45.518
1750202088.354 45.906
1750202088.732 45.628
1750202089.109 45.153
1750202089.510 45.902
1750202089.908 45.269
1750202090.305 45.447
1750202090.682 45.312
1750202091.059 45.280
1750202091.437 45.318
1750202091.815 44.544
1750202092.198 45.038
1750202092.576 44.495
1750202092.955 46.014
1750202093.332 44.522
1750202093.709 44.886
1750202094.108 45.389
1750202094.512 45.096
1750202094.903 46.135
1750202095.281 45.886
1750202095.658 44.739
1750202096.038 45.358
1750202096.416 44.714
1750202096.805 45.222
1750202097.182 44.872
1750202097.559 44.717
1750202097.937 44.965
1750202098.313 44.815
1750202098.705 44.542
1750202099.104 44.881
1750202099.481 44.788
1750202099.858 44.415
1750202100.241 44.529
1750202100.618 44.731
1750202101.010 44.734
1750202101.399 44.962
1750202101.778 44.435
1750202102.155 44.591
1750202102.532 44.428
1750202102.909 45.133
1750202103.303 44.450
1750202103.680 44.821
1750202120.018 44.376
1750202120.399 44.585
1750202120.775 44.260
1750202121.153 43.984
1750202121.530 44.194
1750202121.908 43.565
1750202122.309 43.627
1750202122.707 44.502
1750202123.104 43.874
1750202123.480 43.694
1750202123.858 43.404
1750202124.240 43.441
1750202124.617 43.954
1750202125.008 43.644
1750202125.399 44.140
1750202125.776 44.025
1750202126.155 44.475
1750202126.532 43.961
1750202126.908 43.972
1750202127.303 43.613
1750202127.680 44.140
1750202128.057 44.126
1750202128.439 43.961
1750202128.817 44.422
1750202129.203 44.646
1750202129.579 43.725
1750202129.956 43.834
1750202130.336 44.205
1750202130.713 43.575
1750202131.106 43.401
1750202131.508 43.626
1750202131.909 42.547
1750202132.305 44.242
1750202132.705 44.148
1750202133.107 43.120
1750202133.513 43.686
1750202133.905 43.708
1750202134.282 43.726
1750202134.658 44.088
1750202135.040 43.901
1750202135.417 43.694
1750202135.806 43.829
1750202136.200 43.917
1750202136.577 44.144
1750202136.954 44.696
1750202137.336 45.084
1750202137.713 44.544
1750202138.103 43.819
1750202138.481 44.068
1750202138.858 43.743
1750202139.239 43.920
1750202139.616 44.194
1750202140.009 44.332
1750202140.402 43.923
1750202140.780 44.171
1750202141.159 44.181
1750202141.536 43.619
1750202141.913 44.528
1750202142.305 44.210
1750202142.682 44.679
1750202143.061 44.072
1750202143.439 44.696
1750202143.816 44.093
1750202144.202 44.337
1750202144.579 44.480
1750202144.955 44.078
1750202145.332 44.316
1750202145.709 44.405
1750202146.105 44.791
1750202146.506 44.159
1750202146.907 44.400
1750202147.303 44.896
1750202147.680 44.881
1750202148.057 44.497
1750202148.436 44.200
1750202148.813 44.102
1750202149.200 44.071
1750202149.577 44.565
1750202149.955 44.545
1750202150.338 44.944
1750202150.715 44.445
1750202151.108 44.469
1750202151.510 44.674
1750202151.905 44.932
1750202152.282 44.830
1750202152.659 45.110
1750202153.040 44.692
1750202153.418 44.785
1750202153.804 45.106
1750202154.181 45.210
1750202154.557 45.356
1750202154.936 45.241
1750202155.313 45.047
1750202155.703 45.216
1750202156.080 45.198
1750202156.456 46.175
1750202156.837 45.169
1750202157.214 45.127
1750202157.600 45.266
1750202157.977 45.130
1750202166.258 45.710
1750202166.636 45.006
1750202167.013 47.219
1750202167.400 45.610
1750202167.778 46.033
1750202168.155 46.503
1750202168.532 46.231
1750202168.908 44.686
1750202169.303 43.219
1750202169.679 45.450
1750202170.056 45.657
1750202170.438 45.609
1750202170.815 45.822
1750202171.203 45.982
1750202171.579 45.666
1750202171.955 45.534
1750202172.336 45.322
1750202172.713 45.543
1750202173.105 44.203
1750202173.482 43.301
1750202173.859 44.862
1750202174.237 43.454
1750202174.613 46.937
1750202175.006 45.254
1750202175.402 44.048
1750202175.779 45.005
1750202176.156 44.934
1750202176.537 45.133
1750202176.913 43.487
1750202177.304 44.103
1750202177.681 45.940
1750202178.058 43.341
1750202178.436 44.670
1750202178.813 44.444
1750202179.200 44.413
1750202179.576 44.160
1750202179.955 46.551
1750202180.332 45.004
1750202180.709 42.707
1750202181.108 44.436
1750202181.512 45.562
1750202181.906 43.967
1750202182.282 43.319
1750202182.659 44.674
1750202183.039 44.418
1750202183.417 44.982
1750202183.803 45.487
1750202184.181 45.155
1750202184.558 44.545
1750202184.938 46.197
1750202185.315 45.380
1750202185.704 45.752
1750202186.080 44.639
1750202186.458 44.477
1750202186.837 43.742
1750202187.214 44.626
1750202187.601 44.992
1750202187.978 43.745
1750202188.355 43.790
1750202188.739 44.036
1750202189.115 43.062
1750202189.514 45.377
1750202189.905 44.091
1750202190.281 45.284
1750202190.658 44.899
1750202191.038 45.331
1750202191.416 43.787
1750202191.801 44.756
1750202192.179 44.074
1750202192.555 45.543
1750202192.937 44.977
1750202193.314 44.986
1750202193.706 44.128
1750202194.102 43.206
1750202194.480 43.577
1750202194.858 45.708
1750202195.238 44.176
1750202195.614 42.361
1750202196.004 44.463
1750202196.382 45.310
1750202196.759 44.417
1750202197.139 43.925
1750202197.516 43.504
1750202197.909 45.135
1750202198.304 44.528
1750202198.681 43.665
1750202199.058 43.498
1750202199.437 43.689
1750202199.814 44.212
1750202200.202 42.652
1750202200.579 43.637
1750202200.955 44.392
1750202201.332 44.352
1750202201.710 44.683
1750202202.107 43.747
1750202202.509 44.148
1750202202.905 42.842
1750202203.306 43.342
1750202203.702 43.631
1750202204.080 44.764
1750202220.482 42.604
1750202220.860 43.945
1750202221.238 44.324
1750202221.614 45.127
1750202222.004 45.485
1750202222.380 45.403
1750202222.759 45.797
1750202223.138 45.432
1750202223.516 46.054
1750202223.906 46.632
1750202224.307 46.228
1750202224.705 45.959
1750202225.082 47.143
1750202225.459 46.102
1750202225.837 45.976
1750202226.215 46.748
1750202226.599 46.352
1750202226.977 46.746
1750202227.355 45.953
1750202227.732 47.052
1750202228.108 46.102
1750202228.511 46.438
1750202228.903 46.750
1750202229.280 46.885
1750202229.657 46.593
1750202230.037 46.104
1750202230.415 46.521
1750202230.800 47.232
1750202231.177 46.571
1750202231.555 46.327
1750202231.938 46.941
1750202232.315 46.189
1750202232.709 46.852
1750202233.106 46.849
1750202233.510 46.136
1750202233.910 46.674
1750202234.306 46.416
1750202234.704 47.259
1750202235.082 47.115
1750202235.459 47.136
1750202235.840 47.575
1750202236.216 46.429
1750202236.603 47.509
1750202236.982 47.546
1750202237.359 47.678
1750202237.738 47.327
1750202238.115 47.132
1750202238.511 47.421
1750202238.905 47.416
1750202239.282 47.339
1750202239.659 46.638
1750202240.040 47.719
1750202240.418 47.051
1750202240.805 47.126
1750202241.200 47.247
1750202241.578 47.507
1750202241.955 47.205
1750202242.332 47.436
1750202242.708 46.950
1750202243.105 47.672
1750202243.482 47.110
1750202243.860 47.367
1750202244.241 47.291
1750202244.618 47.390
1750202245.008 47.052
1750202245.402 46.762
1750202245.779 46.688
1750202246.155 47.751
1750202246.532 46.951
1750202246.909 46.891
1750202247.304 47.005
1750202247.680 48.005
1750202248.057 47.330
1750202248.440 48.392
1750202248.817 46.644
1750202249.203 47.544
1750202249.579 47.230
1750202249.959 46.204
1750202250.337 46.739
1750202250.713 46.341
1750202251.105 46.616
1750202251.482 46.564
1750202251.860 46.087
1750202252.239 47.632
1750202252.616 47.005
1750202253.006 47.487
1750202253.382 46.535
1750202253.760 46.886
1750202254.138 47.054
1750202254.515 47.153
1750202254.906 47.272
1750202255.302 47.226
1750202255.678 47.269
1750202256.055 47.015
1750202256.432 46.906
1750202256.809 47.555
1750202257.199 46.829
1750202257.577 46.993
1750202257.955 47.507
1750202258.338 46.409
1750202273.871 45.433
1750202274.248 43.871
1750202274.625 44.107
1750202275.009 42.830
1750202275.399 43.344
1750202275.776 43.823
1750202276.156 44.316
1750202276.537 43.565
1750202276.913 44.306
1750202277.304 44.234
1750202277.681 44.061
1750202278.058 46.102
1750202278.439 43.448
1750202278.816 42.438
1750202279.204 42.680
1750202279.581 43.184
1750202279.959 43.732
1750202280.337 44.068
1750202280.714 43.659
1750202281.105 41.890
1750202281.482 44.201
1750202281.859 44.106
1750202282.237 41.940
1750202282.615 43.407
1750202283.004 44.102
1750202283.381 44.735
1750202283.758 44.503
1750202284.138 43.242
1750202284.515 42.714
1750202284.908 42.913
1750202285.304 43.975
1750202285.681 43.293
1750202286.058 43.782
1750202286.437 43.783
1750202286.813 42.303
1750202287.200 42.392
1750202287.578 43.144
1750202287.955 43.582
1750202288.333 41.818
1750202288.710 44.138
1750202289.108 43.863
1750202289.513 42.287
1750202289.905 42.919
1750202290.308 44.358
1750202290.705 44.845
1750202291.082 44.623
1750202291.460 43.422
1750202291.839 44.148
1750202292.216 42.547
1750202292.601 42.397
1750202292.978 42.068
1750202293.357 42.992
1750202293.740 44.446
1750202294.118 44.188
1750202294.512 42.668
1750202294.904 41.458
1750202295.281 43.739
1750202295.668 42.329
1750202296.045 42.548
1750202296.425 44.364
1750202296.804 42.028
1750202297.181 42.857
1750202297.558 42.749
1750202297.941 42.513
1750202298.318 42.582
1750202298.709 42.691
1750202299.105 43.124
1750202299.482 41.625
1750202299.859 42.621
1750202300.238 44.367
1750202300.615 43.766
1750202301.004 42.488
1750202301.381 43.339
1750202301.759 41.627
1750202302.139 43.677
1750202302.516 42.870
1750202302.907 44.046
1750202303.304 42.439
1750202303.681 43.407
1750202304.058 42.366
1750202304.439 42.003
1750202304.815 41.959
1750202305.200 43.611
1750202305.577 43.653
1750202305.955 42.733
1750202306.332 43.132
1750202306.709 43.258
1750202307.108 42.426
1750202307.513 44.027
1750202307.908 42.997
1750202308.310 43.629
1750202308.706 43.156
1750202309.082 42.491
1750202309.458 42.190
1750202309.838 42.884
1750202310.214 42.596
1750202310.602 44.234
1750202310.979 43.279
1750202311.356 43.065
1750202311.732 42.123
1750202322.452 41.698
1750202322.829 40.391
1750202323.206 42.445
1750202323.603 42.843
1750202323.980 42.466
1750202324.356 42.611
1750202324.737 43.015
1750202325.114 42.986
1750202325.514 43.154
1750202325.907 41.852
1750202326.309 42.502
1750202326.705 42.427
1750202327.082 42.816
1750202327.459 42.104
1750202327.838 42.912
1750202328.214 42.825
1750202328.600 43.426
1750202328.977 43.466
1750202329.355 43.410
1750202329.732 44.133
1750202330.109 43.835
1750202330.511 43.700
1750202330.906 42.827
1750202331.283 42.948
1750202331.659 43.097
1750202332.037 43.002
1750202332.414 44.061
1750202332.800 43.332
1750202333.176 44.819
1750202333.553 43.729
1750202333.930 45.022
1750202334.308 43.237
1750202334.709 42.968
1750202335.105 43.803
1750202335.482 43.842
1750202335.859 42.024
1750202336.238 44.341
1750202336.614 45.412
1750202337.007 43.841
1750202337.403 43.990
1750202337.780 43.200
1750202338.157 44.330
1750202338.537 43.699
1750202338.915 44.065
1750202339.303 45.703
1750202339.681 44.318
1750202340.058 44.140
1750202340.438 44.655
1750202340.815 44.688
1750202341.199 45.836
1750202341.576 44.102
1750202341.953 44.941
1750202342.330 44.500
1750202342.707 45.573
1750202343.108 45.593
1750202343.513 46.698
1750202343.906 44.291
1750202344.307 44.313
1750202344.706 45.468
1750202345.104 45.191
1750202345.481 44.492
1750202345.858 46.017
1750202346.240 44.395
1750202346.618 45.788
1750202347.009 46.040
1750202347.399 46.200
1750202347.777 45.257
1750202348.155 44.852
1750202348.532 46.150
1750202348.909 44.560
1750202349.304 45.744
1750202349.681 46.522
1750202350.059 45.965
1750202350.439 46.378
1750202350.816 45.181
1750202351.203 44.691
1750202351.579 47.033
1750202351.957 46.466
1750202352.337 46.363
1750202352.715 46.237
1750202353.106 46.316
1750202353.482 46.415
1750202353.859 45.628
1750202354.238 46.156
1750202354.614 44.880
1750202355.007 45.626
1750202355.403 44.688
1750202355.780 46.334
1750202356.157 46.953
1750202356.537 45.289
1750202356.914 45.069
1750202357.303 47.158
1750202357.680 46.341
1750202358.058 45.851
1750202358.437 46.257
1750202358.814 46.884
1750202359.200 46.439
1750202359.577 46.374
1750202359.955 46.713
1750202360.333 47.686
1750202368.243 48.366
1750202368.621 48.018
1750202369.007 48.074
1750202369.399 48.283
1750202369.776 48.507
1750202370.155 48.400
1750202370.531 48.669
1750202370.908 48.467
1750202371.307 48.782
1750202371.703 49.136
1750202372.081 49.562
1750202372.458 49.736
1750202372.838 48.958
1750202373.215 49.903
1750202373.599 49.178
1750202373.977 49.310
1750202374.355 49.533
1750202374.732 49.291
1750202375.110 49.602
1750202375.513 50.431
1750202375.905 49.576
1750202376.282 49.893
1750202376.659 49.397
1750202377.038 48.949
1750202377.416 49.437
1750202377.801 49.752
1750202378.178 49.763
1750202378.555 49.569
1750202378.939 49.698
1750202379.316 49.955
1750202379.710 49.703
1750202380.105 49.659
1750202380.482 49.895
1750202380.859 49.602
1750202381.240 49.800
1750202381.616 49.994
1750202382.008 50.558
1750202382.404 49.579
1750202382.782 49.467
1750202383.160 49.743
1750202383.537 49.410
1750202383.914 50.098
1750202384.306 49.495
1750202384.683 49.885
1750202385.061 50.234
1750202385.438 50.404
1750202385.815 49.764
1750202386.199 50.303
1750202386.576 50.313
1750202386.956 50.126
1750202387.339 49.593
1750202387.716 50.331
1750202388.106 49.416
1750202388.482 49.322
1750202388.860 49.960
1750202389.237 49.813
1750202389.614 49.609
1750202390.008 49.971
1750202390.399 49.076
1750202390.777 49.431
1750202391.155 49.965
1750202391.531 49.779
1750202391.908 49.870
1750202392.309 49.640
1750202392.707 49.486
1750202393.106 49.821
1750202393.512 49.736
1750202393.907 49.495
1750202394.306 49.469
1750202394.708 49.728
1750202395.106 50.193
1750202395.483 49.671
1750202395.859 49.812
1750202396.238 49.915
1750202396.616 49.366
1750202397.006 49.729
1750202397.402 49.834
1750202397.779 49.637
1750202398.157 50.057
1750202398.537 49.957
1750202398.913 50.171
1750202399.306 49.786
1750202399.682 49.981
1750202400.059 49.683
1750202400.437 49.579
1750202400.814 49.555
1750202401.199 50.015
1750202401.576 49.238
1750202401.954 49.812
1750202402.332 50.034
1750202402.709 49.457
1750202403.109 50.377
1750202403.512 50.029
1750202403.906 49.935
1750202404.308 49.356
1750202404.705 49.591
1750202405.083 49.912
1750202405.460 50.366
1750202405.839 50.523
1750202406.216 50.450
1750202414.512 50.890
1750202414.904 52.836
1750202415.281 53.117
1750202415.658 52.863
1750202416.039 52.293
1750202416.416 52.639
1750202416.800 52.992
1750202417.177 52.613
1750202417.554 52.870
1750202417.932 52.780
1750202418.310 49.050
1750202418.708 49.122
1750202419.108 49.767
1750202419.511 49.879
1750202419.909 49.532
1750202420.305 49.044
1750202420.683 48.679
1750202421.060 48.811
1750202421.438 49.287
1750202421.815 48.881
1750202422.200 49.695
1750202422.576 49.396
1750202422.954 49.935
1750202423.331 49.654
1750202423.709 50.079
1750202424.108 50.017
1750202424.512 49.389
1750202424.905 48.924
1750202425.281 50.101
1750202425.658 49.767
1750202426.041 50.175
1750202426.419 50.639
1750202426.804 50.167
1750202427.181 49.703
1750202427.558 49.965
1750202427.937 50.952
1750202428.314 50.104
1750202428.705 49.984
1750202429.082 50.086
1750202429.460 53.447
1750202429.838 53.393
1750202430.216 52.871
1750202430.600 53.119
1750202430.977 52.716
1750202431.357 54.345
1750202431.739 52.969
1750202432.117 53.126
1750202432.513 52.743
1750202432.905 52.758
1750202433.281 53.826
1750202433.657 53.199
1750202434.037 53.451
1750202434.413 54.164
1750202434.801 53.016
1750202435.179 53.447
1750202435.556 52.960
1750202435.940 53.274
1750202436.317 53.651
1750202436.708 52.883
1750202437.105 53.602
1750202437.483 53.826
1750202437.860 53.303
1750202438.238 53.543
1750202438.614 54.537
1750202439.005 53.251
1750202439.382 53.424
1750202439.759 54.517
1750202440.140 53.258
1750202440.517 53.685
1750202440.908 53.022
1750202441.304 53.829
1750202441.681 53.478
1750202442.058 52.702
1750202442.438 53.252
1750202442.815 53.335
1750202443.200 53.517
1750202443.577 53.928
1750202443.955 53.265
1750202444.332 53.432
1750202444.710 54.003
1750202445.109 53.475
1750202445.513 53.739
1750202445.906 54.255
1750202446.282 53.854
1750202446.659 53.403
1750202447.040 53.989
1750202447.418 53.510
1750202447.805 53.560
1750202448.182 53.541
1750202448.559 53.544
1750202448.938 53.255
1750202449.314 53.742
1750202449.704 53.735
1750202450.081 54.416
1750202450.459 53.412
1750202450.839 54.145
1750202451.216 53.846
1750202451.600 53.240
1750202451.976 53.291
1750202452.354 53.799
1750202460.650 51.378
1750202461.028 50.498
1750202461.406 50.438
1750202461.799 50.930
1750202462.176 49.001
1750202462.553 50.159
1750202462.930 49.386
1750202463.307 49.654
1750202463.707 50.365
1750202464.104 49.588
1750202464.481 49.954
1750202464.858 49.562
1750202465.238 49.282
1750202465.615 50.179
1750202466.005 49.848
1750202466.383 48.978
1750202466.761 49.809
1750202467.140 49.256
1750202467.517 49.013
1750202467.910 48.867
1750202468.308 49.553
1750202468.708 49.647
1750202469.108 49.271
1750202469.515 49.099
1750202469.907 48.883
1750202470.308 48.960
1750202470.705 48.934
1750202471.082 49.074
1750202471.459 50.436
1750202471.838 48.736
1750202472.214 48.271
1750202472.601 49.108
1750202472.979 48.867
1750202473.356 49.118
1750202473.732 49.157
1750202474.109 49.099
1750202474.513 49.342
1750202474.905 48.803
1750202475.283 49.009
1750202475.659 49.624
1750202476.041 49.145
1750202476.418 49.043
1750202476.801 48.737
1750202477.179 49.059
1750202477.556 48.799
1750202477.933 49.069
1750202478.310 49.149
1750202478.709 48.879
1750202479.106 49.473
1750202479.482 48.535
1750202479.859 48.480
1750202480.238 48.162
1750202480.616 48.387
1750202481.005 48.528
1750202481.383 47.690
1750202481.761 48.809
1750202482.139 48.448
1750202482.516 48.221
1750202482.908 48.457
1750202483.304 48.302
1750202483.681 48.631
1750202484.057 49.025
1750202484.438 48.713
1750202484.815 48.441
1750202485.200 48.298
1750202485.578 48.328
1750202485.956 48.163
1750202486.339 48.062
1750202486.716 48.015
1750202487.109 47.922
1750202487.514 48.477
1750202487.906 48.143
1750202488.308 47.487
1750202488.706 47.963
1750202489.104 47.633
1750202489.481 47.887
1750202489.860 47.773
1750202490.240 48.149
1750202490.616 48.597
1750202491.010 47.525
1750202491.400 47.033
1750202491.779 47.088
1750202492.156 47.517
1750202492.533 47.513
1750202492.910 47.785
1750202493.304 47.831
1750202493.680 46.804
1750202494.058 47.289
1750202494.440 47.284
1750202494.818 48.080
1750202495.204 47.045
1750202495.581 47.399
1750202495.958 46.900
1750202496.337 47.544
1750202496.715 46.928
1750202497.108 47.437
1750202497.511 46.594
1750202497.909 46.792
1750202498.307 46.478
1750202498.682 46.418
1750202515.016 45.383
1750202515.401 44.047
1750202515.779 44.136
1750202516.156 43.823
1750202516.537 43.513
1750202516.914 43.796
1750202517.304 43.764
1750202517.681 43.099
1750202518.058 43.588
1750202518.440 42.934
1750202518.818 43.979
1750202519.203 43.706
1750202519.581 43.400
1750202519.958 43.790
1750202520.338 43.160
1750202520.714 43.727
1750202521.106 43.774
1750202521.483 44.021
1750202521.860 43.445
1750202522.238 44.108
1750202522.614 43.468
1750202523.006 43.430
1750202523.382 43.008
1750202523.760 43.262
1750202524.140 43.421
1750202524.517 43.262
1750202524.910 43.670
1750202525.304 43.326
1750202525.681 44.111
1750202526.059 43.781
1750202526.438 44.461
1750202526.815 43.872
1750202527.200 44.469
1750202527.577 44.336
1750202527.955 44.000
1750202528.332 43.460
1750202528.709 44.806
1750202529.109 44.556
1750202529.512 44.318
1750202529.907 43.983
1750202530.283 44.077
1750202530.660 44.651
1750202531.041 44.065
1750202531.419 43.946
1750202531.804 44.030
1750202532.182 43.982
1750202532.560 44.151
1750202532.939 44.874
1750202533.315 44.526
1750202533.704 44.237
1750202534.081 44.813
1750202534.459 43.550
1750202534.840 44.796
1750202535.217 44.189
1750202535.602 45.302
1750202535.979 44.825
1750202536.356 43.730
1750202536.740 43.943
1750202537.117 43.245
1750202537.517 44.168
1750202537.907 43.921
1750202538.305 44.197
1750202538.681 44.381
1750202539.058 44.029
1750202539.442 44.044
1750202539.819 44.161
1750202540.204 43.673
1750202540.581 43.857
1750202540.959 43.431
1750202541.337 43.856
1750202541.714 43.793
1750202542.104 44.265
1750202542.481 44.492
1750202542.858 43.591
1750202543.239 44.118
1750202543.616 43.548
1750202544.007 44.170
1750202544.383 44.011
1750202544.762 44.104
1750202545.139 44.491
1750202545.516 44.054
1750202545.910 44.170
1750202546.306 44.199
1750202546.682 44.651
1750202547.059 44.075
1750202547.439 44.720
1750202547.816 44.763
1750202548.200 44.512
1750202548.577 44.341
1750202548.955 44.014
1750202549.331 44.472
1750202549.708 44.086
1750202550.107 44.953
1750202550.508 44.484
1750202550.905 44.880
1750202551.282 45.060
1750202551.658 44.481
1750202552.041 45.097
1750202552.417 44.926
1750202552.804 44.031
1750202560.340 45.426
1750202560.717 46.023
1750202561.107 46.735
1750202561.516 46.886
1750202561.906 47.088
1750202562.283 46.575
1750202562.660 46.761
1750202563.041 47.472
1750202563.418 46.822
1750202563.801 46.899
1750202564.179 47.598
1750202564.556 47.023
1750202564.938 47.687
1750202565.316 47.229
1750202565.707 46.711
1750202566.103 47.539
1750202566.480 47.103
1750202566.857 47.059
1750202567.238 46.870
1750202567.616 47.527
1750202568.006 47.706
1750202568.402 47.201
1750202568.780 47.291
1750202569.157 47.787
1750202569.537 47.424
1750202569.914 47.991
1750202570.308 47.528
1750202570.706 46.589
1750202571.108 47.613
1750202571.511 47.330
1750202571.907 46.886
1750202572.311 47.756
1750202572.706 47.433
1750202573.104 47.718
1750202573.482 46.977
1750202573.859 47.158
1750202574.241 47.130
1750202574.618 46.942
1750202575.011 47.493
1750202575.400 46.934
1750202575.779 46.924
1750202576.157 47.465
1750202576.537 46.479
1750202576.914 47.253
1750202577.304 47.197
1750202577.681 47.240
1750202578.058 47.119
1750202578.441 47.529
1750202578.819 47.036
1750202579.204 47.064
1750202579.581 47.061
1750202579.958 47.277
1750202580.337 46.871
1750202580.713 46.661
1750202581.107 47.603
1750202581.511 46.816
1750202581.911 46.877
1750202582.307 47.005
1750202582.705 46.564
1750202583.083 46.771
1750202583.460 47.164
1750202583.840 46.601
1750202584.217 46.692
1750202584.604 46.796
1750202584.981 47.095
1750202585.358 46.970
1750202585.739 46.525
1750202586.116 46.446
1750202586.510 46.372
1750202586.905 46.739
1750202587.282 46.190
1750202587.659 46.758
1750202588.041 46.705
1750202588.418 46.363
1750202588.806 46.603
1750202589.182 46.432
1750202589.559 46.210
1750202589.939 46.402
1750202590.316 46.184
1750202590.708 47.247
1750202591.107 46.248
1750202591.514 46.634
1750202591.908 46.076
1750202592.306 46.306
1750202592.708 45.668
1750202593.106 46.182
1750202593.483 46.039
1750202593.860 45.880
1750202594.238 46.342
1750202594.615 45.541
1750202595.006 46.142
1750202595.404 45.610
1750202595.781 45.431
1750202596.158 45.893
1750202596.538 45.411
1750202596.915 46.042
1750202597.304 45.422
1750202597.681 45.925
1750202598.059 45.360
1750202598.438 46.043
1750202614.375 43.474
1750202614.752 42.578
1750202615.128 42.620
1750202615.518 43.009
1750202615.908 43.098
1750202616.306 43.381
1750202616.683 42.983
1750202617.060 43.237
1750202617.440 42.710
1750202617.817 43.131
1750202618.204 43.184
1750202618.581 42.876
1750202618.959 42.817
1750202619.337 43.005
1750202619.714 42.736
1750202620.104 42.925
1750202620.560 43.326
1750202620.940 42.815
1750202621.317 43.002
1750202621.706 43.413
1750202622.083 43.072
1750202622.461 42.631
1750202622.840 42.918
1750202623.217 43.596
1750202623.604 43.689
1750202623.981 42.705
1750202624.357 43.638
1750202624.738 42.568
1750202625.115 42.275
1750202625.512 42.569
1750202625.907 43.752
1750202626.309 42.957
1750202626.706 43.069
1750202627.082 43.060
1750202627.459 43.019
1750202627.838 42.819
1750202628.214 43.105
1750202628.600 43.376
1750202628.977 43.024
1750202629.355 43.657
1750202629.732 43.914
1750202630.109 43.341
1750202630.512 42.582
1750202630.905 43.127
1750202631.282 43.379
1750202631.659 43.314
1750202632.039 43.437
1750202632.416 42.969
1750202632.801 43.373
1750202633.179 43.687
1750202633.556 43.939
1750202633.933 43.140
1750202634.310 43.587
1750202634.709 43.692
1750202635.106 43.006
1750202635.483 43.409
1750202635.861 43.687
1750202636.240 43.309
1750202636.617 43.829
1750202637.005 43.919
1750202637.382 43.982
1750202637.760 43.511
1750202638.140 43.613
1750202638.517 43.834
1750202638.908 43.535
1750202639.304 44.149
1750202639.681 43.770
1750202640.059 43.968
1750202640.439 43.390
1750202640.816 43.605
1750202641.203 43.921
1750202641.581 43.963
1750202641.958 43.945
1750202642.340 43.899
1750202642.717 43.665
1750202643.109 43.633
1750202643.513 44.478
1750202643.907 43.788
1750202644.308 44.350
1750202644.705 43.693
1750202645.082 43.655
1750202645.459 44.118
1750202645.839 43.960
1750202646.215 44.011
1750202646.601 43.840
1750202646.979 44.173
1750202647.356 44.289
1750202647.740 44.439
1750202648.116 44.133
1750202648.512 44.213
1750202648.905 44.345
1750202649.283 44.976
1750202649.660 44.218
1750202650.040 44.258
1750202650.417 44.363
1750202650.800 44.245
1750202651.177 44.437
1750202651.555 44.150
1750202651.940 44.555
1750202652.317 44.614
1750202659.824 44.081
1750202660.204 44.028
1750202660.580 44.426
1750202660.958 45.707
1750202661.338 44.473
1750202661.715 47.111
1750202662.104 46.105
1750202662.481 47.281
1750202662.857 44.792
1750202663.238 46.064
1750202663.615 44.601
1750202664.005 44.719
1750202664.382 44.853
1750202664.759 45.346
1750202665.140 45.061
1750202665.517 45.893
1750202665.912 44.776
1750202666.306 43.837
1750202666.683 46.938
1750202667.061 45.896
1750202667.438 46.496
1750202667.816 45.583
1750202668.201 45.786
1750202668.577 45.916
1750202668.955 43.459
1750202669.332 46.111
1750202669.708 45.377
1750202670.107 45.788
1750202670.509 45.126
1750202670.905 45.743
1750202671.282 45.838
1750202671.659 46.647
1750202672.041 45.753
1750202672.417 45.479
1750202672.806 44.665
1750202673.183 44.987
1750202673.559 46.154
1750202673.939 44.625
1750202674.317 46.367
1750202674.707 45.951
1750202675.107 44.531
1750202675.514 46.509
1750202675.909 44.991
1750202676.307 45.919
1750202676.709 43.873
1750202677.106 44.460
1750202677.482 45.194
1750202677.859 46.930
1750202678.239 46.158
1750202678.616 43.282
1750202679.006 46.291
1750202679.383 44.098
1750202679.760 46.105
1750202680.140 45.495
1750202680.517 44.208
1750202680.909 45.645
1750202681.304 45.529
1750202681.682 42.821
1750202682.059 46.205
1750202682.439 45.198
1750202682.816 44.430
1750202683.200 47.255
1750202683.578 44.840
1750202683.956 45.540
1750202684.340 45.062
1750202684.717 44.634
1750202685.110 44.945
1750202685.516 42.868
1750202685.907 45.543
1750202686.309 44.156
1750202686.707 42.480
1750202687.083 45.315
1750202687.460 45.792
1750202687.838 45.491
1750202688.214 43.329
1750202688.601 43.754
1750202688.979 44.079
1750202689.356 46.596
1750202689.733 43.144
1750202690.110 43.514
1750202690.513 42.871
1750202690.905 42.950
1750202691.281 44.969
1750202691.658 44.659
1750202692.039 43.678
1750202692.416 44.398
1750202692.802 43.904
1750202693.180 43.856
1750202693.556 42.966
1750202693.940 41.966
1750202694.317 41.960
1750202694.710 43.212
1750202695.107 44.611
1750202695.511 45.403
1750202695.910 44.057
1750202696.306 44.104
1750202696.682 44.027
1750202697.061 44.295
1750202697.438 43.735
1750202697.816 44.547
1750202714.965 45.769
1750202715.342 47.238
1750202715.719 48.572
1750202716.105 48.264
1750202716.482 48.464
1750202716.860 48.340
1750202717.239 48.000
1750202717.615 48.294
1750202718.005 48.429
1750202718.383 48.270
1750202718.760 48.067
1750202719.141 48.704
1750202719.517 48.129
1750202719.910 48.629
1750202720.306 48.618
1750202720.682 48.388
1750202721.059 48.247
1750202721.439 48.750
1750202721.816 48.886
1750202722.202 48.732
1750202722.580 47.794
1750202722.957 48.837
1750202723.333 48.751
1750202723.710 48.152
1750202724.108 49.894
1750202724.511 48.401
1750202724.906 48.406
1750202725.283 49.326
1750202725.660 49.277
1750202726.041 49.067
1750202726.418 49.187
1750202726.805 48.279
1750202727.182 48.417
1750202727.559 48.992
1750202727.940 48.230
1750202728.317 48.361
1750202728.707 48.470
1750202729.083 48.861
1750202729.461 48.346
1750202729.838 48.112
1750202730.215 47.963
1750202730.601 48.372
1750202730.978 48.962
1750202731.357 48.371
1750202731.741 49.221
1750202732.119 48.585
1750202732.514 48.105
1750202732.905 48.770
1750202733.282 48.047
1750202733.659 47.936
1750202734.039 48.557
1750202734.416 48.134
1750202734.800 48.644
1750202735.177 48.419
1750202735.555 48.898
1750202735.933 48.041
1750202736.310 49.120
1750202736.709 48.178
1750202737.107 48.130
1750202737.484 48.105
1750202737.861 48.210
1750202738.239 48.092
1750202738.617 48.285
1750202739.007 48.280
1750202739.383 48.345
1750202739.762 47.927
1750202740.140 47.907
1750202740.517 48.170
1750202740.911 47.989
1750202741.305 48.236
1750202741.682 47.511
1750202742.059 48.394
1750202742.442 48.164
1750202742.840 48.556
1750202743.232 47.651
1750202743.624 48.227
1750202744.018 48.160
1750202744.400 47.603
1750202744.778 48.291
1750202745.156 48.341
1750202745.533 47.915
1750202745.910 47.965
1750202746.311 48.162
1750202746.707 48.102
1750202747.105 47.956
1750202747.483 48.066
1750202747.861 48.086
1750202748.242 47.656
1750202748.619 47.654
1750202749.009 47.791
1750202749.402 47.801
1750202749.781 47.949
1750202750.158 48.224
1750202750.539 47.878
1750202750.915 48.671
1750202751.307 48.645
1750202751.706 47.910
1750202752.103 47.879
1750202752.481 47.977
1750202752.858 48.431
1750202769.570 44.923
1750202769.968 44.950
1750202770.344 43.443
1750202770.722 44.169
1750202771.107 42.866
1750202771.514 43.933
1750202771.907 43.310
1750202772.283 43.220
1750202772.659 42.765
1750202773.038 43.932
1750202773.415 42.434
1750202773.806 43.028
1750202774.183 42.953
1750202774.560 42.507
1750202774.941 42.753
1750202775.318 43.142
1750202775.709 42.712
1750202776.106 41.755
1750202776.483 43.204
1750202776.861 41.852
1750202777.239 43.217
1750202777.615 42.648
1750202778.007 42.885
1750202778.384 42.578
1750202778.761 42.053
1750202779.139 42.638
1750202779.516 43.286
1750202779.913 42.353
1750202780.306 42.831
1750202780.683 41.625
1750202781.061 43.376
1750202781.438 40.626
1750202781.815 41.251
1750202782.200 43.343
1750202782.577 42.257
1750202782.954 42.116
1750202783.331 41.575
1750202783.709 42.406
1750202784.109 42.745
1750202784.512 41.121
1750202784.906 42.464
1750202785.283 41.901
1750202785.660 40.661
1750202786.041 42.574
1750202786.418 42.089
1750202786.805 42.315
1750202787.201 42.760
1750202787.578 41.845
1750202787.956 42.926
1750202788.332 41.182
1750202788.710 42.226
1750202789.107 43.057
1750202789.514 42.278
1750202789.907 41.227
1750202790.283 41.096
1750202790.661 42.281
1750202791.039 41.671
1750202791.415 42.513
1750202791.801 41.262
1750202792.178 41.167
1750202792.556 41.986
1750202792.933 41.951
1750202793.310 41.428
1750202793.709 42.641
1750202794.104 42.902
1750202794.482 42.408
1750202794.859 40.568
1750202795.239 41.758
1750202795.616 39.804
1750202796.006 39.572
1750202796.383 39.602
1750202796.760 40.801
1750202797.140 39.632
1750202797.517 39.369
1750202797.912 40.014
1750202798.309 37.585
1750202798.707 40.191
1750202799.110 38.344
1750202799.515 40.410
1750202799.907 41.493
1750202800.284 40.781
1750202800.661 37.923
1750202801.042 38.179
1750202801.419 41.237
1750202801.805 42.196
1750202802.182 39.534
1750202802.559 39.040
1750202802.938 39.622
1750202803.315 37.911
1750202803.705 39.598
1750202804.082 40.254
1750202804.459 40.161
1750202804.838 37.241
1750202805.216 36.857
1750202805.601 39.959
1750202805.979 40.795
1750202806.356 41.533
1750202806.734 40.473
1750202807.111 41.441
1750202807.516 40.835
1750202824.263 41.732
1750202824.640 41.576
1750202825.017 41.819
1750202825.401 42.243
1750202825.779 42.041
1750202826.156 41.896
1750202826.533 41.750
1750202826.910 41.949
1750202827.308 41.468
1750202827.707 41.950
1750202828.104 42.196
1750202828.481 41.675
1750202828.859 42.253
1750202829.242 42.333
1750202829.619 42.505
1750202830.010 42.123
1750202830.401 42.681
1750202830.779 42.630
1750202831.157 42.561
1750202831.534 42.326
1750202831.912 41.442
1750202832.306 42.553
1750202832.684 41.953
1750202833.062 42.886
1750202833.442 42.248
1750202833.819 42.019
1750202834.206 42.380
1750202834.583 41.868
1750202834.960 42.392
1750202835.339 42.663
1750202835.716 42.985
1750202836.104 42.160
1750202836.481 42.398
1750202836.859 42.619
1750202837.239 43.063
1750202837.617 42.363
1750202838.005 41.911
1750202838.383 42.389
1750202838.759 42.171
1750202839.141 42.290
1750202839.518 42.580
1750202839.911 43.252
1750202840.306 42.816
1750202840.684 42.715
1750202841.062 42.965
1750202841.439 42.666
1750202841.816 42.614
1750202842.200 42.234
1750202842.577 42.545
1750202842.955 42.549
1750202843.333 43.080
1750202843.710 42.606
1750202844.108 43.097
1750202844.509 42.848
1750202844.906 43.251
1750202845.284 43.197
1750202845.660 43.211
1750202846.042 42.843
1750202846.419 42.426
1750202846.807 41.834
1750202847.200 43.463
1750202847.577 42.461
1750202847.954 42.283
1750202848.331 42.425
1750202848.709 42.343
1750202849.106 42.604
1750202849.483 43.040
1750202849.862 42.806
1750202850.241 43.141
1750202850.617 43.277
1750202851.010 42.872
1750202851.400 43.447
1750202851.779 43.092
1750202852.156 43.143
1750202852.533 43.431
1750202852.910 42.766
1750202853.305 42.988
1750202853.681 42.433
1750202854.058 43.213
1750202854.439 43.296
1750202854.816 42.517
1750202855.206 43.248
1750202855.583 42.879
1750202855.961 43.542
1750202856.339 43.177
1750202856.716 43.079
1750202857.107 42.654
1750202857.511 43.104
1750202857.910 42.290
1750202858.308 43.809
1750202858.706 43.591
1750202859.082 43.418
1750202859.458 43.293
1750202859.841 43.464
1750202860.218 41.717
1750202860.604 43.406
1750202860.981 43.519
1750202861.358 43.053
1750202861.739 43.569
1750202862.115 43.888
1750202871.637 42.715
1750202872.015 43.199
1750202872.402 42.825
1750202872.781 43.614
1750202873.158 43.369
1750202873.540 43.176
1750202873.917 43.039
1750202874.308 43.087
1750202874.710 43.101
1750202875.108 42.129
1750202875.484 43.053
1750202875.861 43.010
1750202876.239 43.371
1750202876.616 43.387
1750202877.006 43.134
1750202877.383 43.969
1750202877.759 43.166
1750202878.141 43.599
1750202878.518 42.590
1750202878.911 43.383
1750202879.306 43.184
1750202879.683 43.434
1750202880.060 43.842
1750202880.438 43.901
1750202880.815 43.692
1750202881.201 43.804
1750202881.578 43.270
1750202881.957 43.206
1750202882.340 43.631
1750202882.717 43.091
1750202883.109 43.806
1750202883.514 43.305
1750202883.911 43.099
1750202884.310 43.068
1750202884.708 42.963
1750202885.106 43.113
1750202885.483 43.233
1750202885.861 43.406
1750202886.241 43.250
1750202886.618 43.662
1750202887.010 43.235
1750202887.401 43.168
1750202887.779 42.944
1750202888.157 43.448
1750202888.534 43.462
1750202888.911 42.948
1750202889.306 43.217
1750202889.683 43.063
1750202890.061 43.344
1750202890.440 42.992
1750202890.817 43.048
1750202891.205 43.206
1750202891.582 42.865
1750202891.959 42.717
1750202892.338 43.267
1750202892.716 42.952
1750202893.108 43.784
1750202893.514 43.109
1750202893.911 43.060
1750202894.307 42.181
1750202894.684 42.847
1750202895.061 42.768
1750202895.438 42.922
1750202895.815 43.134
1750202896.201 43.151
1750202896.578 42.887
1750202896.955 43.050
1750202897.332 43.075
1750202897.710 42.550
1750202898.110 42.692
1750202898.512 42.718
1750202898.907 42.603
1750202899.307 42.697
1750202899.704 42.923
1750202900.082 42.886
1750202900.458 42.758
1750202900.838 42.675
1750202901.216 42.487
1750202901.601 43.395
1750202901.981 42.472
1750202902.358 42.620
1750202902.741 42.707
1750202903.117 42.454
1750202903.517 42.642
1750202903.909 42.022
1750202904.307 42.705
1750202904.684 42.632
1750202905.061 42.743
1750202905.441 42.413
1750202905.817 42.565
1750202906.206 42.242
1750202906.583 42.026
1750202906.962 42.148
1750202907.339 42.257
1750202907.716 42.429
1750202908.106 42.083
1750202908.483 42.495
1750202908.860 42.588
1750202909.240 42.346
1750202909.617 42.505
1750202925.563 40.413
1750202925.940 39.441
1750202926.318 39.686
1750202926.707 40.735
1750202927.106 39.537
1750202927.483 39.550
1750202927.860 39.452
1750202928.242 39.694
1750202928.619 40.497
1750202929.011 40.443
1750202929.403 40.002
1750202929.783 40.086
1750202930.160 40.705
1750202930.540 40.090
1750202930.917 40.207
1750202931.305 40.299
1750202931.682 40.523
1750202932.059 40.022
1750202932.441 39.988
1750202932.818 39.629
1750202933.205 40.352
1750202933.582 39.749
1750202933.959 40.560
1750202934.339 40.315
1750202934.716 39.941
1750202935.106 40.014
1750202935.483 39.471
1750202935.860 40.218
1750202936.240 40.099
1750202936.617 40.022
1750202937.007 40.462
1750202937.384 40.003
1750202937.760 40.031
1750202938.141 40.074
1750202938.518 40.207
1750202938.909 39.463
1750202939.305 39.815
1750202939.683 39.552
1750202940.060 40.147
1750202940.438 41.042
1750202940.815 40.170
1750202941.202 39.736
1750202941.579 40.665
1750202941.957 39.247
1750202942.334 40.352
1750202942.711 39.285
1750202943.111 40.233
1750202943.513 39.888
1750202943.908 39.574
1750202944.309 39.994
1750202944.708 39.654
1750202945.106 39.458
1750202945.483 39.199
1750202945.861 39.843
1750202946.242 40.090
1750202946.619 40.024
1750202947.010 39.761
1750202947.403 39.365
1750202947.782 39.518
1750202948.158 40.135
1750202948.534 39.497
1750202948.911 39.476
1750202949.306 39.559
1750202949.683 39.578
1750202950.060 39.916
1750202950.441 39.477
1750202950.818 39.551
1750202951.203 39.601
1750202951.580 39.569
1750202951.957 39.357
1750202952.334 39.509
1750202952.712 39.707
1750202953.107 38.688
1750202953.484 39.941
1750202953.861 38.966
1750202954.239 38.964
1750202954.616 39.213
1750202955.007 39.458
1750202955.383 39.495
1750202955.760 38.813
1750202956.141 40.131
1750202956.517 38.823
1750202956.909 38.958
1750202957.306 39.234
1750202957.684 38.790
1750202958.061 38.962
1750202958.438 39.082
1750202958.815 39.273
1750202959.201 38.969
1750202959.578 38.939
1750202959.956 39.359
1750202960.334 38.912
1750202960.711 38.604
1750202961.111 40.048
1750202961.516 38.792
1750202961.909 38.866
1750202962.310 38.330
1750202962.707 39.354
1750202963.084 38.786
1750202963.461 38.866
