1.000000e-01 1.000000e-01 
1.000000e-01 1.000000e-01 
1.000000e-01 1.000000e-01 
1.000000e-01 1.000000e-01 
1.000000e-01 1.000000e-01 
1.000000e-01 1.000000e-01 
1.000000e-01 1.000000e-01 
1.000000e-01 1.000000e-01 
1.000000e-01 1.000000e-01 
1.000000e-01 1.000000e-01 
1.000000e-01 1.000000e-01 
1.000000e-01 1.000000e-01 
1.000000e-01 1.000000e-01 
1.000000e-01 1.000000e-01 
1.000000e-01 1.000000e-01 
1.000000e-01 1.000000e-01 
1.000000e-01 1.000000e-01 
1.000000e-01 1.000000e-01 
1.000000e-01 1.000000e-01 
1.000000e-01 1.000000e-01 
1.000000e-01 1.000000e-01 
1.000000e-01 1.000000e-01 
1.000000e-01 1.000000e-01 
1.000000e-01 1.000000e-01 
1.000000e-01 1.000000e-01 
1.000000e-01 1.000000e-01 
1.977309e-01 1.000000e-01 
1.170056e-01 1.000000e-01 
1.010082e-01 1.000000e-01 
1.222974e-01 1.000000e-01 
