1750201244   8.80  60.00   45.34    0.36    0.80
1750201294   9.20  50.00   43.28    0.24    0.56
1750201342   8.80  45.00   42.92    0.33    0.78
1750201394   9.60  65.00   44.26    0.33    0.75
1750201442   9.08  66.15   44.37    0.20    0.46
1750201497   9.32  58.16   42.62    0.32    0.75
1750201548   8.93  50.79   41.92    0.24    0.57
1750201603   8.70  61.70   45.98    0.30    0.65
1750201652   9.58  72.31   45.63    0.48    1.06
1750201699   9.42  49.83   42.05    0.31    0.73
1750201754   8.63  28.62   51.96    0.29    0.56
1750201808   9.13  29.18   49.03    0.26    0.53
1750201854   9.00  38.55   46.94    0.32    0.68
1750201906   8.66  30.93   51.38    0.21    0.42
1750201956   8.92  28.60   47.81    0.30    0.63
1750202002   9.14  33.85   49.69    0.37    0.75
1750202051   9.42  26.19   44.65    0.30    0.67
1750202104   8.66  68.38   45.42    0.38    0.84
1750202158   9.33  73.47   43.61    0.78    1.78
1750202204   9.27  34.16   47.23    0.37    0.79
1750202258   8.86  72.57   42.40    1.05    2.47
1750202312   8.63  41.72   46.36    0.98    2.12
1750202360   8.66  26.72   50.18    0.35    0.69
1750202406   8.63  30.90   53.73    0.38    0.70
1750202452   9.33  40.53   46.81    0.29    0.62
1750202499   8.62  52.08   44.65    0.23    0.52
1750202553   9.45  39.66   45.66    0.29    0.63
1750202598   8.61  55.05   44.39    0.34    0.76
1750202652   9.39  43.21   43.95    0.82    1.87
1750202698   9.59  33.16   47.67    0.28    0.59
1750202753   9.55  74.60   41.22    0.63    1.52
1750202808   8.78  69.99   43.37    0.31    0.72
1750202862   9.30  61.97   42.49    0.24    0.56
1750202910   9.13  46.55   38.87    0.43    1.11
